[0, 255],
[1, 32, 127, 251],
[2, 16, 191, 247],
[3, 17, 34, 48, 63, 119, 187, 243],
[4, 128, 223, 254],
[5, 95, 160, 250],
[6, 20, 130, 144, 159, 190, 215, 246],
[7, 21, 31, 87, 162, 176, 186, 242],
[8, 64, 239, 253],
[9, 40, 65, 96, 111, 125, 235, 249],
[10, 80, 175, 245],
[11, 42, 47, 81, 112, 117, 171, 241],
[12, 68, 136, 192, 207, 221, 238, 252],
[13, 69, 79, 93, 168, 224, 234, 248],
[14, 84, 138, 143, 174, 208, 213, 244],
[15, 85, 170, 240],
[18, 183],
[19, 50, 55, 179],
[22, 146, 151, 182],
[23, 178],
[24, 66, 189, 231],
[25, 56, 61, 67, 98, 103, 185, 227],
[26, 82, 167, 181],
[27, 39, 53, 58, 83, 114, 163, 177],
[28, 70, 152, 157, 188, 194, 199, 230],
[29, 71, 184, 226],
[30, 86, 135, 149, 154, 166, 180, 210],
[33, 123],
[35, 49, 59, 115],
[36, 126, 129, 219],
[37, 91, 122, 161],
[38, 52, 62, 118, 131, 145, 155, 211],
[41, 97, 107, 121],
[43, 113],
[44, 100, 110, 124, 137, 193, 203, 217],
[45, 75, 89, 101, 106, 120, 169, 225],
[46, 116, 139, 209],
[51],
[54, 147],
[57, 99],
[60, 102, 153, 195],
[72, 237],
[73, 104, 109, 233],
[74, 88, 173, 229],
[76, 200, 205, 236],
[77, 232],
[78, 92, 141, 172, 197, 202, 216, 228],
[90, 165],
[94, 133, 164, 218],
[105],
[108, 201],
[132, 222],
[134, 148, 158, 214],
[140, 196, 206, 220],
[142, 212],
[150],
[156, 198],
[204]
